id,name
2605037,Dior
2619782,bareMinerals
2622206,MAC
2603710,IT Cosmetics
2608119,Lancôme
2510813,MAC
2591117,NARS
2622206,MAC
2290020,Too Faced
2621797,IT Cosmetics
2206255,Clinique
2592558,FENTY BEAUTY by Rihanna
2287681,IT Cosmetics
2623593,Urban Decay Cosmetics
2523154,NARS
2592608,FENTY BEAUTY by Rihanna
2153956,Clinique
2235364,Lancôme
2538170,L'Oréal
2282913,Maybelline
2581434,Tarte
2153598,Clinique
2592082,Estée Lauder
2577708,Lancôme
2568657,IT Cosmetics
2624364,NATASHA DENONA
2611435,HOURGLASS
2247037,Clinique
2598637,Lancôme
2283391,bareMinerals
2574625,Clinique
2604575,KVD Beauty
2544510,PÜR
2541677,Clinique
2575170,L'Oréal
2574253,CHANEL
2610447,Smashbox
2269897,IT Cosmetics
2551421,Anastasia Beverly Hills
2567739,Urban Decay Cosmetics
2519968,Milani
2577085,KVD Beauty
2608627,Laura Mercier
2528581,CHANEL
2604703,Tarte
2241131,PÜR
2557013,Tarte
2575932,HOURGLASS
2602421,L'Oréal
2612381,Estée Lauder
2599657,HOURGLASS
2607571,Tarte
2295701,Juice Beauty
2611614,bareMinerals
2515171,Dermablend
2613894,PAT McGRATH LABS
2225223,Maybelline
2531978,NYX Professional Makeup
2592363,FENTY BEAUTY by Rihanna
2515746,Estée Lauder
2569296,Morphe 2
2579236,BLK/OPL
2540123,L.A. Girl
2596512,Smashbox
2613504,Youthforia
2296380,CoverGirl
2618859,Revlon
2552723,NUDESTIX
2605534,Revlon
2556829,CoverGirl
2581633,L.A. Girl
2522793,L.A. Girl
2578383,BLK/OPL
2578400,BLK/OPL
2591360,Pacifica
2552423,Smashbox
2581981,Laura Mercier
2247174,Maybelline
2596516,Smashbox
2610229,Laura Mercier
2610240,Laura Mercier
2606458,Beautycounter
2568502,Smashbox
2562139,Clinique
2287681,IT Cosmetics
2258299,Clinique
2566272,Maybelline
2275340,L'Oréal
2275341,L'Oréal
2590459,Maybelline
2621797,IT Cosmetics
2504411,NARS
2561330,Juice Beauty
2254185,Tarte
2574676,e.l.f. Cosmetics
2581037,Dermablend
2246835,L'Oréal
2557064,Pacifica
2524132,Lancôme
2220120,Tarte
2562236,Tarte
2241131,PÜR
2567739,Urban Decay Cosmetics
2523612,COOLA
2592227,Tarte
2510643,MAC
2618097,FENTY BEAUTY by Rihanna
2532166,MAC
2618165,Estée Lauder
2617411,NYX Professional Makeup
2573972,Milani
2569434,NARS
2505332,L.A. Girl
2605942,NUDESTIX
2548925,Benefit Cosmetics
2504450,NARS
2575916,HOURGLASS
2554049,Tarte
2558525,e.l.f. Cosmetics
2533871,IT Cosmetics
2603381,NARS
2567323,Clinique
2547762,Maybelline
2583109,Lancôme
2608808,NATASHA DENONA
2607706,IT Cosmetics
2605025,Dior
2291649,Clinique
2592634,FENTY BEAUTY by Rihanna
2225219,Maybelline
2544510,PÜR
2538192,L'Oréal
2509410,Benefit Cosmetics
2529984,Tarte
2584697,Anastasia Beverly Hills
2124551,bareMinerals
2538474,NYX Professional Makeup
2538873,e.l.f. Cosmetics
2514627,IT Cosmetics
2519968,Milani
2590489,Winky Lux
2526852,NUDESTIX
2276028,Tarte
2619466,Charlotte Tilbury
2603341,Urban Decay Cosmetics
2546823,Milani
2208888,Dermablend
2613832,PAT McGRATH LABS
2576925,PÜR
2619193,Laura Mercier
2597153,BOBBI BROWN
2614727,Live Tinted
2617261,L'Oréal
2301052,Stila
2603644,Too Faced
2580929,Morphe 2
2567727,Lancôme
2616197,KYLIE COSMETICS
2273167,Anastasia Beverly Hills
2603009,Essence
2618288,Essence
2568586,NUDESTIX
2609672,NARS
2612669,Pixi
2590576,Revlon
2588001,Smashbox
2568596,Stila
2607952,Undone Beauty
2589386,Supergoop!
2591795,e.l.f. Cosmetics
2233964,Smashbox
2583728,BOBBI BROWN
2219868,Benefit Cosmetics
2604932,e.l.f. Cosmetics
2513749,Too Faced
2589388,Supergoop!
2235646,Lancôme
2556532,Urban Decay Cosmetics
2274978,Benefit Cosmetics
2572601,HOURGLASS
2588656,Live Tinted
2619504,Charlotte Tilbury
2247896,Dermalogica
2572969,NYX Professional Makeup
2588008,Smashbox
2608125,Clinique
2568794,Too Faced
2588004,Smashbox
2592265,FENTY BEAUTY by Rihanna
2605423,bareMinerals
2587732,MAC
2276375,Too Faced
2592604,HOURGLASS
2568222,Estée Lauder
2593996,MAC
2592269,FENTY BEAUTY by Rihanna
2521285,StriVectin
2572967,NYX Professional Makeup
2200427,Clarins
2510684,MAC
2276063,Tarte
2588006,Smashbox
2527130,MAC
2295555,Juice Beauty
2551259,Dermablend
2606196,NATASHA DENONA
2507360,Tarte
2510725,MAC
2276581,Smashbox
2520944,e.l.f. Cosmetics
2513292,Stila
2607978,Clinique
2157844,Clinique
2510688,MAC
2226206,NYX Professional Makeup
2268948,Maybelline
2577527,ELEMIS
2598342,NUDESTIX
2542640,NYX Professional Makeup
2561085,TULA
2588007,Smashbox
2226205,NYX Professional Makeup
2605427,bareMinerals
2276419,NYX Professional Makeup
2588477,Benefit Cosmetics
2613929,PAT McGRATH LABS
2572977,NYX Professional Makeup
2611275,Estée Lauder
2572964,NYX Professional Makeup
2614632,CHANEL
2282890,Maybelline
2531397,PÜR
2582149,Pacifica
2573978,Milani
2588476,Benefit Cosmetics
2581142,Morphe
2577521,ELEMIS
2619555,Charlotte Tilbury
2608438,NATASHA DENONA
2570097,Neutrogena
2573977,Milani
2573979,Milani
2561410,ColourPop
2218412,CoverGirl
2500464,e.l.f. Cosmetics
2504751,L.A. Girl
2604612,Morphe 2
2510253,Maybelline
2226207,NYX Professional Makeup
2605151,Milani
2624632,NYX Professional Makeup
2597862,UOMA Beauty
2547730,Benefit Cosmetics
2615256,Anastasia Beverly Hills
2617738,e.l.f. Cosmetics
2621261,NARS
2598116,Pixi
2519994,Milani
2519160,MAC
2271486,Clinique
2617037,NARS
2284091,NYX Professional Makeup
2264091,IT Cosmetics
2592449,FENTY BEAUTY by Rihanna
2603018,Essence
2618995,Tarte
2619515,Charlotte Tilbury
2610305,Tarte
2503563,NARS
2611433,bareMinerals
2624893,Maybelline
2276489,Clinique
2609193,ColourPop
2619322,Charlotte Tilbury
2153764,Clinique
2621808,IT Cosmetics
2618682,Winky Lux
2584256,NUDESTIX
2223180,Clinique
2614086,e.l.f. Cosmetics
2594966,bareMinerals
2617460,Stila
2602248,Youthforia
2535584,e.l.f. Cosmetics
2595875,CHANEL
2601104,e.l.f. Cosmetics
2595212,NYX Professional Makeup
2603637,Too Faced
2235623,Lancôme
2583677,BOBBI BROWN
2599451,bareMinerals
2583309,Anastasia Beverly Hills
2589667,CHANEL
2573984,Milani
2595645,Benefit Cosmetics
2514621,IT Cosmetics
2585202,NUDESTIX
2585074,Morphe 2
2620380,Benefit Cosmetics
2603000,Bliss
2153892,Stila
